name,desc, latitude,longitude,circle_radius
977A,-106.0,-33.000417,27.906725,2.959999999999999
5217,-109.0,-33.013101,27.91658,3.710000000000001
DD92,-113.0,-33.017813,27.918338,4.990000000000003
49B9,-119.0,-32.97358,27.898781,7.510000000000002
A6A5,-124.0,-32.959266,27.896899,10.160000000000002
75E4,-125.0,-32.99593,27.89407,10.75
A740,-126.0,-32.990925,27.924003,11.359999999999998
4A54,-135.0,-32.969588,27.939134,17.75
50AA,-142.0,-33.010143,27.892244,23.839999999999993
4A12,-152.0,-32.933953,27.995663,34.239999999999995
977A,-104.0,-33.000417,27.906725,2.5600000000000005
5217,-108.0,-33.013101,27.91658,3.4400000000000017
DD92,-114.0,-33.017813,27.918338,5.360000000000001
49B9,-120.0,-32.97358,27.898781,8.0
A740,-124.0,-32.990925,27.924003,10.160000000000002
A6A5,-125.0,-32.959266,27.896899,10.75
75E4,-127.0,-32.99593,27.89407,11.989999999999995
4A54,-138.0,-32.969588,27.939134,20.240000000000006
9C47,-138.0,-33.012123,27.899988,20.240000000000006
5268,-140.0,-32.983269,27.903913,22.0
4A12,-149.0,-32.933953,27.995663,30.910000000000004
977A,-107.0,-33.000417,27.906725,3.189999999999998
5217,-110.0,-33.013101,27.91658,4.0
DD92,-114.0,-33.017813,27.918338,5.360000000000001
49B9,-118.0,-32.97358,27.898781,7.040000000000004
A740,-124.0,-32.990925,27.924003,10.160000000000002
A6A5,-125.0,-32.959266,27.896899,10.75
9C47,-130.0,-33.012123,27.899988,14.0
75E4,-131.0,-32.99593,27.89407,14.709999999999999
4A54,-134.0,-32.969588,27.939134,16.96
5268,-139.0,-32.983269,27.903913,21.110000000000007
50AA,-140.0,-33.010143,27.892244,22.0
534F,-145.0,-32.940128,28.007236,26.75
4A12,-148.0,-32.933953,27.995663,29.840000000000007
977A,-106.0,-33.000417,27.906725,2.959999999999999
5217,-109.0,-33.013101,27.91658,3.710000000000001
DD92,-113.0,-33.017813,27.918338,4.990000000000003
49B9,-117.0,-32.97358,27.898781,6.589999999999997
A6A5,-125.0,-32.959266,27.896899,10.75
A740,-127.0,-32.990925,27.924003,11.989999999999995
75E4,-131.0,-32.99593,27.89407,14.709999999999999
4A54,-134.0,-32.969588,27.939134,16.96
9C47,-139.0,-33.012123,27.899988,21.110000000000007
50AA,-144.0,-33.010143,27.892244,25.760000000000005
977A,-108.0,-33.000417,27.906725,3.4400000000000017
5217,-109.0,-33.013101,27.91658,3.710000000000001
DD92,-113.0,-33.017813,27.918338,4.990000000000003
49B9,-118.0,-32.97358,27.898781,7.040000000000004
A6A5,-125.0,-32.959266,27.896899,10.75
A740,-128.0,-32.990925,27.924003,12.640000000000004
75E4,-131.0,-32.99593,27.89407,14.709999999999999
9C47,-136.0,-33.012123,27.899988,18.559999999999995
4A54,-138.0,-32.969588,27.939134,20.240000000000006
50AA,-141.0,-33.010143,27.892244,22.909999999999997
534F,-147.0,-32.940128,28.007236,28.789999999999996
4A12,-150.0,-32.933953,27.995663,32.0
977A,-109.0,-33.000417,27.906725,3.710000000000001
5217,-112.0,-33.013101,27.91658,4.639999999999998
49B9,-118.0,-32.97358,27.898781,7.040000000000004
DD92,-119.0,-33.017813,27.918338,7.510000000000002
A6A5,-125.0,-32.959266,27.896899,10.75
A740,-126.0,-32.990925,27.924003,11.359999999999998
9C47,-132.0,-33.012123,27.899988,15.439999999999994
75E4,-132.0,-32.99593,27.89407,15.439999999999994
4A54,-137.0,-32.969588,27.939134,19.389999999999993
4A12,-147.0,-32.933953,27.995663,28.789999999999996
977A,-107.0,-33.000417,27.906725,3.189999999999998
5217,-109.0,-33.013101,27.91658,3.710000000000001
DD92,-114.0,-33.017813,27.918338,5.360000000000001
49B9,-116.0,-32.97358,27.898781,6.159999999999998
A740,-125.0,-32.990925,27.924003,10.75
A6A5,-126.0,-32.959266,27.896899,11.359999999999998
75E4,-131.0,-32.99593,27.89407,14.709999999999999
9C47,-132.0,-33.012123,27.899988,15.439999999999994
4A54,-137.0,-32.969588,27.939134,19.389999999999993
5268,-139.0,-32.983269,27.903913,21.110000000000007
534F,-147.0,-32.940128,28.007236,28.789999999999996
4A12,-151.0,-32.933953,27.995663,33.10999999999999
977A,-106.0,-33.000417,27.906725,2.959999999999999
5217,-108.0,-33.013101,27.91658,3.4400000000000017
49B9,-118.0,-32.97358,27.898781,7.040000000000004
DD92,-118.0,-33.017813,27.918338,7.040000000000004
A740,-125.0,-32.990925,27.924003,10.75
A6A5,-127.0,-32.959266,27.896899,11.989999999999995
75E4,-129.0,-32.99593,27.89407,13.310000000000002
4A54,-133.0,-32.969588,27.939134,16.190000000000005
9C47,-134.0,-33.012123,27.899988,16.96
5268,-136.0,-32.983269,27.903913,18.559999999999995
4A12,-151.0,-32.933953,27.995663,33.10999999999999
977A,-103.0,-33.000417,27.906725,2.3900000000000015
5217,-111.0,-33.013101,27.91658,4.309999999999999
49B9,-119.0,-32.97358,27.898781,7.510000000000002
DD92,-121.0,-33.017813,27.918338,8.509999999999998
75E4,-125.0,-32.99593,27.89407,10.75
A6A5,-126.0,-32.959266,27.896899,11.359999999999998
A740,-126.0,-32.990925,27.924003,11.359999999999998
9C47,-128.0,-33.012123,27.899988,12.640000000000004
4A54,-134.0,-32.969588,27.939134,16.96
50AA,-141.0,-33.010143,27.892244,22.909999999999997
4A12,-148.0,-32.933953,27.995663,29.840000000000007
534F,-148.0,-32.940128,28.007236,29.840000000000007
5217,-110.0,-33.013101,27.91658,4.0
977A,-114.0,-33.000417,27.906725,5.360000000000001
DD92,-115.0,-33.017813,27.918338,5.75
49B9,-118.0,-32.97358,27.898781,7.040000000000004
A740,-126.0,-32.990925,27.924003,11.359999999999998
75E4,-129.0,-32.99593,27.89407,13.310000000000002
9C47,-133.0,-33.012123,27.899988,16.190000000000005
4A54,-134.0,-32.969588,27.939134,16.96
5268,-136.0,-32.983269,27.903913,18.559999999999995
4A12,-151.0,-32.933953,27.995663,33.10999999999999
977A,-109.0,-33.000417,27.906725,3.710000000000001
5217,-113.0,-33.013101,27.91658,4.990000000000003
49B9,-118.0,-32.97358,27.898781,7.040000000000004
DD92,-124.0,-33.017813,27.918338,10.160000000000002
A6A5,-125.0,-32.959266,27.896899,10.75
A740,-127.0,-32.990925,27.924003,11.989999999999995
75E4,-132.0,-32.99593,27.89407,15.439999999999994
9C47,-133.0,-33.012123,27.899988,16.190000000000005
4A54,-134.0,-32.969588,27.939134,16.96
5268,-141.0,-32.983269,27.903913,22.909999999999997
50AA,-142.0,-33.010143,27.892244,23.839999999999993
4A12,-150.0,-32.933953,27.995663,32.0
977A,-104.0,-33.000417,27.906725,2.5600000000000005
5217,-112.0,-33.013101,27.91658,4.639999999999998
49B9,-118.0,-32.97358,27.898781,7.040000000000004
DD92,-119.0,-33.017813,27.918338,7.510000000000002
A6A5,-128.0,-32.959266,27.896899,12.640000000000004
75E4,-128.0,-32.99593,27.89407,12.640000000000004
A740,-129.0,-32.990925,27.924003,13.310000000000002
9C47,-129.0,-33.012123,27.899988,13.310000000000002
4A54,-133.0,-32.969588,27.939134,16.190000000000005
50AA,-139.0,-33.010143,27.892244,21.110000000000007
534F,-146.0,-32.940128,28.007236,27.759999999999998
4A12,-148.0,-32.933953,27.995663,29.840000000000007
977A,-104.0,-33.000417,27.906725,2.5600000000000005
5217,-111.0,-33.013101,27.91658,4.309999999999999
49B9,-119.0,-32.97358,27.898781,7.510000000000002
DD92,-127.0,-33.017813,27.918338,11.989999999999995
A6A5,-128.0,-32.959266,27.896899,12.640000000000004
75E4,-129.0,-32.99593,27.89407,13.310000000000002
A740,-130.0,-32.990925,27.924003,14.0
4A54,-137.0,-32.969588,27.939134,19.389999999999993
5268,-137.0,-32.983269,27.903913,19.389999999999993
9C47,-138.0,-33.012123,27.899988,20.240000000000006
4A12,-149.0,-32.933953,27.995663,30.910000000000004
977A,-105.0,-33.000417,27.906725,2.75
5217,-111.0,-33.013101,27.91658,4.309999999999999
DD92,-116.0,-33.017813,27.918338,6.159999999999998
49B9,-117.0,-32.97358,27.898781,6.589999999999997
75E4,-125.0,-32.99593,27.89407,10.75
A6A5,-128.0,-32.959266,27.896899,12.640000000000004
A740,-131.0,-32.990925,27.924003,14.709999999999999
9C47,-137.0,-33.012123,27.899988,19.389999999999993
50AA,-142.0,-33.010143,27.892244,23.839999999999993
5268,-142.0,-32.983269,27.903913,23.839999999999993
4A54,-145.0,-32.969588,27.939134,26.75
4A12,-151.0,-32.933953,27.995663,33.10999999999999
977A,-107.0,-33.000417,27.906725,3.189999999999998
5217,-112.0,-33.013101,27.91658,4.639999999999998
49B9,-118.0,-32.97358,27.898781,7.040000000000004
DD92,-119.0,-33.017813,27.918338,7.510000000000002
75E4,-127.0,-32.99593,27.89407,11.989999999999995
A6A5,-128.0,-32.959266,27.896899,12.640000000000004
A740,-128.0,-32.990925,27.924003,12.640000000000004
4A54,-136.0,-32.969588,27.939134,18.559999999999995
9C47,-137.0,-33.012123,27.899988,19.389999999999993
4A12,-146.0,-32.933953,27.995663,27.759999999999998
534F,-146.0,-32.940128,28.007236,27.759999999999998
977A,-109.0,-33.000417,27.906725,3.710000000000001
5217,-111.0,-33.013101,27.91658,4.309999999999999
DD92,-114.0,-33.017813,27.918338,5.360000000000001
49B9,-117.0,-32.97358,27.898781,6.589999999999997
A6A5,-128.0,-32.959266,27.896899,12.640000000000004
A740,-128.0,-32.990925,27.924003,12.640000000000004
75E4,-131.0,-32.99593,27.89407,14.709999999999999
5268,-141.0,-32.983269,27.903913,22.909999999999997
9C47,-142.0,-33.012123,27.899988,23.839999999999993
977A,-106.0,-33.000417,27.906725,2.959999999999999
5217,-110.0,-33.013101,27.91658,4.0
DD92,-116.0,-33.017813,27.918338,6.159999999999998
49B9,-118.0,-32.97358,27.898781,7.040000000000004
75E4,-126.0,-32.99593,27.89407,11.359999999999998
A6A5,-127.0,-32.959266,27.896899,11.989999999999995
A740,-128.0,-32.990925,27.924003,12.640000000000004
4A54,-134.0,-32.969588,27.939134,16.96
9C47,-138.0,-33.012123,27.899988,20.240000000000006
5268,-141.0,-32.983269,27.903913,22.909999999999997
727A,-152.0,-32.98106,27.88485,34.239999999999995
977A,-109.0,-33.000417,27.906725,3.710000000000001
5217,-116.0,-33.013101,27.91658,6.159999999999998
DD92,-117.0,-33.017813,27.918338,6.589999999999997
49B9,-118.0,-32.97358,27.898781,7.040000000000004
A6A5,-129.0,-32.959266,27.896899,13.310000000000002
A740,-131.0,-32.990925,27.924003,14.709999999999999
75E4,-131.0,-32.99593,27.89407,14.709999999999999
9C47,-131.0,-33.012123,27.899988,14.709999999999999
4A54,-136.0,-32.969588,27.939134,18.559999999999995
534F,-147.0,-32.940128,28.007236,28.789999999999996
977A,-107.0,-33.000417,27.906725,3.189999999999998
5217,-112.0,-33.013101,27.91658,4.639999999999998
DD92,-115.0,-33.017813,27.918338,5.75
49B9,-118.0,-32.97358,27.898781,7.040000000000004
A6A5,-131.0,-32.959266,27.896899,14.709999999999999
4A54,-132.0,-32.969588,27.939134,15.439999999999994
75E4,-132.0,-32.99593,27.89407,15.439999999999994
A740,-132.0,-32.990925,27.924003,15.439999999999994
5268,-139.0,-32.983269,27.903913,21.110000000000007
9C47,-147.0,-33.012123,27.899988,28.789999999999996
4A12,-155.0,-32.933953,27.995663,37.75
977A,-108.0,-33.000417,27.906725,3.4400000000000017
5217,-110.0,-33.013101,27.91658,4.0
DD92,-116.0,-33.017813,27.918338,6.159999999999998
49B9,-117.0,-32.97358,27.898781,6.589999999999997
75E4,-126.0,-32.99593,27.89407,11.359999999999998
A740,-131.0,-32.990925,27.924003,14.709999999999999
A6A5,-132.0,-32.959266,27.896899,15.439999999999994
4A54,-134.0,-32.969588,27.939134,16.96
9C47,-137.0,-33.012123,27.899988,19.389999999999993
977A,-108.0,-33.000417,27.906725,3.4400000000000017
5217,-110.0,-33.013101,27.91658,4.0
DD92,-115.0,-33.017813,27.918338,5.75
49B9,-120.0,-32.97358,27.898781,8.0
A6A5,-125.0,-32.959266,27.896899,10.75
A740,-129.0,-32.990925,27.924003,13.310000000000002
75E4,-132.0,-32.99593,27.89407,15.439999999999994
4A54,-134.0,-32.969588,27.939134,16.96
5268,-137.0,-32.983269,27.903913,19.389999999999993
9C47,-139.0,-33.012123,27.899988,21.110000000000007
50AA,-143.0,-33.010143,27.892244,24.790000000000006
977A,-106.0,-33.000417,27.906725,2.959999999999999
5217,-109.0,-33.013101,27.91658,3.710000000000001
DD92,-115.0,-33.017813,27.918338,5.75
49B9,-119.0,-32.97358,27.898781,7.510000000000002
75E4,-129.0,-32.99593,27.89407,13.310000000000002
A6A5,-129.0,-32.959266,27.896899,13.310000000000002
4A54,-130.0,-32.969588,27.939134,14.0
A740,-131.0,-32.990925,27.924003,14.709999999999999
9C47,-136.0,-33.012123,27.899988,18.559999999999995
977A,-108.0,-33.000417,27.906725,3.4400000000000017
5217,-112.0,-33.013101,27.91658,4.639999999999998
49B9,-117.0,-32.97358,27.898781,6.589999999999997
DD92,-118.0,-33.017813,27.918338,7.040000000000004
A6A5,-126.0,-32.959266,27.896899,11.359999999999998
A740,-127.0,-32.990925,27.924003,11.989999999999995
9C47,-131.0,-33.012123,27.899988,14.709999999999999
75E4,-132.0,-32.99593,27.89407,15.439999999999994
4A54,-135.0,-32.969588,27.939134,17.75
5268,-137.0,-32.983269,27.903913,19.389999999999993
977A,-107.0,-33.000417,27.906725,3.189999999999998
5217,-111.0,-33.013101,27.91658,4.309999999999999
DD92,-116.0,-33.017813,27.918338,6.159999999999998
49B9,-118.0,-32.97358,27.898781,7.040000000000004
A6A5,-125.0,-32.959266,27.896899,10.75
A740,-127.0,-32.990925,27.924003,11.989999999999995
75E4,-130.0,-32.99593,27.89407,14.0
9C47,-131.0,-33.012123,27.899988,14.709999999999999
5268,-134.0,-32.983269,27.903913,16.96
4A54,-134.0,-32.969588,27.939134,16.96
534F,-147.0,-32.940128,28.007236,28.789999999999996
977A,-108.0,-33.000417,27.906725,3.4400000000000017
5217,-108.0,-33.013101,27.91658,3.4400000000000017
DD92,-112.0,-33.017813,27.918338,4.639999999999998
49B9,-119.0,-32.97358,27.898781,7.510000000000002
A740,-129.0,-32.990925,27.924003,13.310000000000002
75E4,-129.0,-32.99593,27.89407,13.310000000000002
A6A5,-130.0,-32.959266,27.896899,14.0
4A54,-131.0,-32.969588,27.939134,14.709999999999999
9C47,-137.0,-33.012123,27.899988,19.389999999999993
5268,-139.0,-32.983269,27.903913,21.110000000000007
4A12,-154.0,-32.933953,27.995663,36.56000000000001
977A,-107.0,-33.000417,27.906725,3.189999999999998
5217,-108.0,-33.013101,27.91658,3.4400000000000017
DD92,-115.0,-33.017813,27.918338,5.75
49B9,-120.0,-32.97358,27.898781,8.0
A6A5,-127.0,-32.959266,27.896899,11.989999999999995
75E4,-128.0,-32.99593,27.89407,12.640000000000004
A740,-130.0,-32.990925,27.924003,14.0
4A54,-132.0,-32.969588,27.939134,15.439999999999994
9C47,-142.0,-33.012123,27.899988,23.839999999999993
5268,-142.0,-32.983269,27.903913,23.839999999999993
50AA,-143.0,-33.010143,27.892244,24.790000000000006
977A,-108.0,-33.000417,27.906725,3.4400000000000017
5217,-109.0,-33.013101,27.91658,3.710000000000001
DD92,-113.0,-33.017813,27.918338,4.990000000000003
49B9,-119.0,-32.97358,27.898781,7.510000000000002
A6A5,-131.0,-32.959266,27.896899,14.709999999999999
A740,-131.0,-32.990925,27.924003,14.709999999999999
75E4,-133.0,-32.99593,27.89407,16.190000000000005
4A54,-136.0,-32.969588,27.939134,18.559999999999995
5268,-139.0,-32.983269,27.903913,21.110000000000007
9C47,-141.0,-33.012123,27.899988,22.909999999999997
977A,-105.0,-33.000417,27.906725,2.75
5217,-109.0,-33.013101,27.91658,3.710000000000001
DD92,-115.0,-33.017813,27.918338,5.75
49B9,-122.0,-32.97358,27.898781,9.039999999999996
A6A5,-127.0,-32.959266,27.896899,11.989999999999995
A740,-128.0,-32.990925,27.924003,12.640000000000004
75E4,-129.0,-32.99593,27.89407,13.310000000000002
4A54,-133.0,-32.969588,27.939134,16.190000000000005
9C47,-136.0,-33.012123,27.899988,18.559999999999995
5268,-137.0,-32.983269,27.903913,19.389999999999993
50AA,-144.0,-33.010143,27.892244,25.760000000000005
534F,-147.0,-32.940128,28.007236,28.789999999999996
977A,-103.0,-33.000417,27.906725,2.3900000000000015
5217,-109.0,-33.013101,27.91658,3.710000000000001
49B9,-118.0,-32.97358,27.898781,7.040000000000004
DD92,-120.0,-33.017813,27.918338,8.0
75E4,-124.0,-32.99593,27.89407,10.160000000000002
A6A5,-127.0,-32.959266,27.896899,11.989999999999995
A740,-131.0,-32.990925,27.924003,14.709999999999999
4A54,-136.0,-32.969588,27.939134,18.559999999999995
9C47,-138.0,-33.012123,27.899988,20.240000000000006
5268,-140.0,-32.983269,27.903913,22.0
977A,-105.0,-33.000417,27.906725,2.75
5217,-109.0,-33.013101,27.91658,3.710000000000001
DD92,-114.0,-33.017813,27.918338,5.360000000000001
49B9,-119.0,-32.97358,27.898781,7.510000000000002
A740,-125.0,-32.990925,27.924003,10.75
A6A5,-127.0,-32.959266,27.896899,11.989999999999995
75E4,-128.0,-32.99593,27.89407,12.640000000000004
9C47,-132.0,-33.012123,27.899988,15.439999999999994
4A54,-134.0,-32.969588,27.939134,16.96
50AA,-143.0,-33.010143,27.892244,24.790000000000006
58F9,-145.0,-32.981328,27.865965,26.75
4A12,-153.0,-32.933953,27.995663,35.390000000000015
977A,-108.0,-33.000417,27.906725,3.4400000000000017
5217,-111.0,-33.013101,27.91658,4.309999999999999
DD92,-111.0,-33.017813,27.918338,4.309999999999999
49B9,-118.0,-32.97358,27.898781,7.040000000000004
A740,-127.0,-32.990925,27.924003,11.989999999999995
A6A5,-127.0,-32.959266,27.896899,11.989999999999995
75E4,-131.0,-32.99593,27.89407,14.709999999999999
9C47,-132.0,-33.012123,27.899988,15.439999999999994
4A54,-135.0,-32.969588,27.939134,17.75
50AA,-141.0,-33.010143,27.892244,22.909999999999997
4A12,-153.0,-32.933953,27.995663,35.390000000000015
977A,-104.0,-33.000417,27.906725,2.5600000000000005
5217,-108.0,-33.013101,27.91658,3.4400000000000017
DD92,-111.0,-33.017813,27.918338,4.309999999999999
49B9,-117.0,-32.97358,27.898781,6.589999999999997
A740,-126.0,-32.990925,27.924003,11.359999999999998
A6A5,-127.0,-32.959266,27.896899,11.989999999999995
75E4,-128.0,-32.99593,27.89407,12.640000000000004
9C47,-129.0,-33.012123,27.899988,13.310000000000002
4A54,-134.0,-32.969588,27.939134,16.96
5268,-141.0,-32.983269,27.903913,22.909999999999997
50AA,-141.0,-33.010143,27.892244,22.909999999999997
4A12,-154.0,-32.933953,27.995663,36.56000000000001
977A,-107.0,-33.000417,27.906725,3.189999999999998
5217,-109.0,-33.013101,27.91658,3.710000000000001
DD92,-116.0,-33.017813,27.918338,6.159999999999998
49B9,-118.0,-32.97358,27.898781,7.040000000000004
75E4,-128.0,-32.99593,27.89407,12.640000000000004
A6A5,-128.0,-32.959266,27.896899,12.640000000000004
4A54,-129.0,-32.969588,27.939134,13.310000000000002
9C47,-129.0,-33.012123,27.899988,13.310000000000002
A740,-131.0,-32.990925,27.924003,14.709999999999999
50AA,-140.0,-33.010143,27.892244,22.0
5268,-141.0,-32.983269,27.903913,22.909999999999997
4A12,-151.0,-32.933953,27.995663,33.10999999999999
977A,-107.0,-33.000417,27.906725,3.189999999999998
5217,-109.0,-33.013101,27.91658,3.710000000000001
DD92,-115.0,-33.017813,27.918338,5.75
49B9,-118.0,-32.97358,27.898781,7.040000000000004
A740,-125.0,-32.990925,27.924003,10.75
A6A5,-128.0,-32.959266,27.896899,12.640000000000004
75E4,-129.0,-32.99593,27.89407,13.310000000000002
4A54,-130.0,-32.969588,27.939134,14.0
50AA,-139.0,-33.010143,27.892244,21.110000000000007
9C47,-139.0,-33.012123,27.899988,21.110000000000007
5268,-142.0,-32.983269,27.903913,23.839999999999993
534F,-146.0,-32.940128,28.007236,27.759999999999998
4A12,-153.0,-32.933953,27.995663,35.390000000000015
977A,-106.0,-33.000417,27.906725,2.959999999999999
5217,-107.0,-33.013101,27.91658,3.189999999999998
DD92,-114.0,-33.017813,27.918338,5.360000000000001
49B9,-117.0,-32.97358,27.898781,6.589999999999997
A6A5,-125.0,-32.959266,27.896899,10.75
A740,-126.0,-32.990925,27.924003,11.359999999999998
75E4,-128.0,-32.99593,27.89407,12.640000000000004
4A54,-133.0,-32.969588,27.939134,16.190000000000005
9C47,-137.0,-33.012123,27.899988,19.389999999999993
5268,-138.0,-32.983269,27.903913,20.240000000000006
50AA,-142.0,-33.010143,27.892244,23.839999999999993
58F9,-145.0,-32.981328,27.865965,26.75
4A12,-156.0,-32.933953,27.995663,38.959999999999994
977A,-106.0,-33.000417,27.906725,2.959999999999999
5217,-109.0,-33.013101,27.91658,3.710000000000001
DD92,-115.0,-33.017813,27.918338,5.75
49B9,-117.0,-32.97358,27.898781,6.589999999999997
A740,-123.0,-32.990925,27.924003,9.590000000000003
A6A5,-128.0,-32.959266,27.896899,12.640000000000004
75E4,-132.0,-32.99593,27.89407,15.439999999999994
9C47,-134.0,-33.012123,27.899988,16.96
4A54,-136.0,-32.969588,27.939134,18.559999999999995
50AA,-143.0,-33.010143,27.892244,24.790000000000006
727A,-153.0,-32.98106,27.88485,35.390000000000015
977A,-105.0,-33.000417,27.906725,2.75
5217,-109.0,-33.013101,27.91658,3.710000000000001
DD92,-114.0,-33.017813,27.918338,5.360000000000001
49B9,-117.0,-32.97358,27.898781,6.589999999999997
A6A5,-128.0,-32.959266,27.896899,12.640000000000004
75E4,-129.0,-32.99593,27.89407,13.310000000000002
4A54,-130.0,-32.969588,27.939134,14.0
A740,-130.0,-32.990925,27.924003,14.0
9C47,-132.0,-33.012123,27.899988,15.439999999999994
5268,-137.0,-32.983269,27.903913,19.389999999999993
50AA,-143.0,-33.010143,27.892244,24.790000000000006
4A12,-152.0,-32.933953,27.995663,34.239999999999995
977A,-105.0,-33.000417,27.906725,2.75
5217,-110.0,-33.013101,27.91658,4.0
DD92,-114.0,-33.017813,27.918338,5.360000000000001
49B9,-116.0,-32.97358,27.898781,6.159999999999998
A6A5,-126.0,-32.959266,27.896899,11.359999999999998
A740,-128.0,-32.990925,27.924003,12.640000000000004
75E4,-130.0,-32.99593,27.89407,14.0
9C47,-133.0,-33.012123,27.899988,16.190000000000005
4A54,-136.0,-32.969588,27.939134,18.559999999999995
5268,-140.0,-32.983269,27.903913,22.0
50AA,-143.0,-33.010143,27.892244,24.790000000000006
977A,-105.0,-33.000417,27.906725,2.75
5217,-109.0,-33.013101,27.91658,3.710000000000001
DD92,-115.0,-33.017813,27.918338,5.75
49B9,-118.0,-32.97358,27.898781,7.040000000000004
75E4,-127.0,-32.99593,27.89407,11.989999999999995
A740,-128.0,-32.990925,27.924003,12.640000000000004
A6A5,-128.0,-32.959266,27.896899,12.640000000000004
9C47,-132.0,-33.012123,27.899988,15.439999999999994
4A54,-141.0,-32.969588,27.939134,22.909999999999997
977A,-104.0,-33.000417,27.906725,2.5600000000000005
5217,-112.0,-33.013101,27.91658,4.639999999999998
DD92,-117.0,-33.017813,27.918338,6.589999999999997
49B9,-119.0,-32.97358,27.898781,7.510000000000002
A6A5,-126.0,-32.959266,27.896899,11.359999999999998
75E4,-128.0,-32.99593,27.89407,12.640000000000004
A740,-131.0,-32.990925,27.924003,14.709999999999999
9C47,-131.0,-33.012123,27.899988,14.709999999999999
4A54,-132.0,-32.969588,27.939134,15.439999999999994
5268,-138.0,-32.983269,27.903913,20.240000000000006
50AA,-141.0,-33.010143,27.892244,22.909999999999997
977A,-108.0,-33.000417,27.906725,3.4400000000000017
DD92,-114.0,-33.017813,27.918338,5.360000000000001
49B9,-116.0,-32.97358,27.898781,6.159999999999998
A740,-120.0,-32.990925,27.924003,8.0
75E4,-128.0,-32.99593,27.89407,12.640000000000004
9C47,-132.0,-33.012123,27.899988,15.439999999999994
4A54,-132.0,-32.969588,27.939134,15.439999999999994
50AA,-141.0,-33.010143,27.892244,22.909999999999997
977A,-105.0,-33.000417,27.906725,2.75
49B9,-116.0,-32.97358,27.898781,6.159999999999998
DD92,-117.0,-33.017813,27.918338,6.589999999999997
A740,-126.0,-32.990925,27.924003,11.359999999999998
75E4,-128.0,-32.99593,27.89407,12.640000000000004
4A54,-139.0,-32.969588,27.939134,21.110000000000007
50AA,-142.0,-33.010143,27.892244,23.839999999999993
977A,-104.0,-33.000417,27.906725,2.5600000000000005
DD92,-114.0,-33.017813,27.918338,5.360000000000001
49B9,-116.0,-32.97358,27.898781,6.159999999999998
75E4,-129.0,-32.99593,27.89407,13.310000000000002
A6A5,-130.0,-32.959266,27.896899,14.0
4A54,-131.0,-32.969588,27.939134,14.709999999999999
A740,-131.0,-32.990925,27.924003,14.709999999999999
9C47,-132.0,-33.012123,27.899988,15.439999999999994
5268,-138.0,-32.983269,27.903913,20.240000000000006
50AA,-143.0,-33.010143,27.892244,24.790000000000006
534F,-146.0,-32.940128,28.007236,27.759999999999998
4A12,-154.0,-32.933953,27.995663,36.56000000000001
977A,-106.0,-33.000417,27.906725,2.959999999999999
DD92,-112.0,-33.017813,27.918338,4.639999999999998
49B9,-117.0,-32.97358,27.898781,6.589999999999997
A740,-127.0,-32.990925,27.924003,11.989999999999995
A6A5,-129.0,-32.959266,27.896899,13.310000000000002
75E4,-130.0,-32.99593,27.89407,14.0
9C47,-131.0,-33.012123,27.899988,14.709999999999999
4A54,-133.0,-32.969588,27.939134,16.190000000000005
50AA,-142.0,-33.010143,27.892244,23.839999999999993
977A,-109.0,-33.000417,27.906725,3.710000000000001
DD92,-110.0,-33.017813,27.918338,4.0
49B9,-117.0,-32.97358,27.898781,6.589999999999997
75E4,-130.0,-32.99593,27.89407,14.0
A740,-131.0,-32.990925,27.924003,14.709999999999999
4A54,-133.0,-32.969588,27.939134,16.190000000000005
A6A5,-133.0,-32.959266,27.896899,16.190000000000005
5268,-140.0,-32.983269,27.903913,22.0
50AA,-142.0,-33.010143,27.892244,23.839999999999993
4A12,-154.0,-32.933953,27.995663,36.56000000000001
977A,-106.0,-33.000417,27.906725,2.959999999999999
DD92,-114.0,-33.017813,27.918338,5.360000000000001
49B9,-117.0,-32.97358,27.898781,6.589999999999997
75E4,-127.0,-32.99593,27.89407,11.989999999999995
A6A5,-130.0,-32.959266,27.896899,14.0
4A54,-131.0,-32.969588,27.939134,14.709999999999999
A740,-133.0,-32.990925,27.924003,16.190000000000005
9C47,-137.0,-33.012123,27.899988,19.389999999999993
5268,-138.0,-32.983269,27.903913,20.240000000000006
50AA,-140.0,-33.010143,27.892244,22.0
534F,-146.0,-32.940128,28.007236,27.759999999999998
4A12,-152.0,-32.933953,27.995663,34.239999999999995
977A,-108.0,-33.000417,27.906725,3.4400000000000017
DD92,-113.0,-33.017813,27.918338,4.990000000000003
49B9,-116.0,-32.97358,27.898781,6.159999999999998
75E4,-126.0,-32.99593,27.89407,11.359999999999998
A740,-127.0,-32.990925,27.924003,11.989999999999995
A6A5,-131.0,-32.959266,27.896899,14.709999999999999
9C47,-133.0,-33.012123,27.899988,16.190000000000005
4A54,-136.0,-32.969588,27.939134,18.559999999999995
58F9,-145.0,-32.981328,27.865965,26.75
534F,-147.0,-32.940128,28.007236,28.789999999999996
4A12,-155.0,-32.933953,27.995663,37.75
977A,-106.0,-33.000417,27.906725,2.959999999999999
DD92,-111.0,-33.017813,27.918338,4.309999999999999
49B9,-117.0,-32.97358,27.898781,6.589999999999997
75E4,-126.0,-32.99593,27.89407,11.359999999999998
A740,-130.0,-32.990925,27.924003,14.0
A6A5,-132.0,-32.959266,27.896899,15.439999999999994
4A54,-133.0,-32.969588,27.939134,16.190000000000005
9C47,-135.0,-33.012123,27.899988,17.75
5268,-139.0,-32.983269,27.903913,21.110000000000007
977A,-106.0,-33.000417,27.906725,2.959999999999999
DD92,-114.0,-33.017813,27.918338,5.360000000000001
49B9,-117.0,-32.97358,27.898781,6.589999999999997
75E4,-125.0,-32.99593,27.89407,10.75
A6A5,-129.0,-32.959266,27.896899,13.310000000000002
A740,-130.0,-32.990925,27.924003,14.0
9C47,-133.0,-33.012123,27.899988,16.190000000000005
4A54,-134.0,-32.969588,27.939134,16.96
977A,-106.0,-33.000417,27.906725,2.959999999999999
DD92,-113.0,-33.017813,27.918338,4.990000000000003
49B9,-116.0,-32.97358,27.898781,6.159999999999998
75E4,-126.0,-32.99593,27.89407,11.359999999999998
A740,-130.0,-32.990925,27.924003,14.0
A6A5,-131.0,-32.959266,27.896899,14.709999999999999
4A54,-137.0,-32.969588,27.939134,19.389999999999993
9C47,-139.0,-33.012123,27.899988,21.110000000000007
50AA,-144.0,-33.010143,27.892244,25.760000000000005
977A,-106.0,-33.000417,27.906725,2.959999999999999
DD92,-115.0,-33.017813,27.918338,5.75
49B9,-117.0,-32.97358,27.898781,6.589999999999997
A740,-126.0,-32.990925,27.924003,11.359999999999998
75E4,-130.0,-32.99593,27.89407,14.0
A6A5,-131.0,-32.959266,27.896899,14.709999999999999
9C47,-132.0,-33.012123,27.899988,15.439999999999994
4A54,-137.0,-32.969588,27.939134,19.389999999999993
5268,-139.0,-32.983269,27.903913,21.110000000000007
4A12,-153.0,-32.933953,27.995663,35.390000000000015
977A,-104.0,-33.000417,27.906725,2.5600000000000005
DD92,-112.0,-33.017813,27.918338,4.639999999999998
49B9,-123.0,-32.97358,27.898781,9.590000000000003
A740,-126.0,-32.990925,27.924003,11.359999999999998
9C47,-128.0,-33.012123,27.899988,12.640000000000004
4A54,-134.0,-32.969588,27.939134,16.96
75E4,-135.0,-32.99593,27.89407,17.75
A6A5,-135.0,-32.959266,27.896899,17.75
5268,-142.0,-32.983269,27.903913,23.839999999999993
4A12,-156.0,-32.933953,27.995663,38.959999999999994
977A,-104.0,-33.000417,27.906725,2.5600000000000005
DD92,-115.0,-33.017813,27.918338,5.75
49B9,-118.0,-32.97358,27.898781,7.040000000000004
A740,-126.0,-32.990925,27.924003,11.359999999999998
75E4,-127.0,-32.99593,27.89407,11.989999999999995
A6A5,-134.0,-32.959266,27.896899,16.96
4A54,-136.0,-32.969588,27.939134,18.559999999999995
9C47,-138.0,-33.012123,27.899988,20.240000000000006
5268,-142.0,-32.983269,27.903913,23.839999999999993
58F9,-144.0,-32.981328,27.865965,25.760000000000005
977A,-104.0,-33.000417,27.906725,2.5600000000000005
DD92,-110.0,-33.017813,27.918338,4.0
49B9,-118.0,-32.97358,27.898781,7.040000000000004
A740,-126.0,-32.990925,27.924003,11.359999999999998
A6A5,-130.0,-32.959266,27.896899,14.0
75E4,-130.0,-32.99593,27.89407,14.0
9C47,-134.0,-33.012123,27.899988,16.96
4A54,-135.0,-32.969588,27.939134,17.75
5268,-140.0,-32.983269,27.903913,22.0
977A,-107.0,-33.000417,27.906725,3.189999999999998
DD92,-110.0,-33.017813,27.918338,4.0
49B9,-119.0,-32.97358,27.898781,7.510000000000002
A740,-126.0,-32.990925,27.924003,11.359999999999998
75E4,-129.0,-32.99593,27.89407,13.310000000000002
4A54,-133.0,-32.969588,27.939134,16.190000000000005
9C47,-134.0,-33.012123,27.899988,16.96
A6A5,-135.0,-32.959266,27.896899,17.75
5268,-139.0,-32.983269,27.903913,21.110000000000007
50AA,-142.0,-33.010143,27.892244,23.839999999999993
4A12,-157.0,-32.933953,27.995663,40.19
977A,-105.0,-33.000417,27.906725,2.75
DD92,-108.0,-33.017813,27.918338,3.4400000000000017
49B9,-117.0,-32.97358,27.898781,6.589999999999997
75E4,-125.0,-32.99593,27.89407,10.75
A740,-129.0,-32.990925,27.924003,13.310000000000002
9C47,-131.0,-33.012123,27.899988,14.709999999999999
A6A5,-132.0,-32.959266,27.896899,15.439999999999994
50AA,-142.0,-33.010143,27.892244,23.839999999999993
534F,-147.0,-32.940128,28.007236,28.789999999999996
977A,-105.0,-33.000417,27.906725,2.75
DD92,-112.0,-33.017813,27.918338,4.639999999999998
49B9,-118.0,-32.97358,27.898781,7.040000000000004
A740,-129.0,-32.990925,27.924003,13.310000000000002
75E4,-133.0,-32.99593,27.89407,16.190000000000005
9C47,-136.0,-33.012123,27.899988,18.559999999999995
A6A5,-137.0,-32.959266,27.896899,19.389999999999993
4A54,-141.0,-32.969588,27.939134,22.909999999999997
977A,-104.0,-33.000417,27.906725,2.5600000000000005
DD92,-110.0,-33.017813,27.918338,4.0
49B9,-124.0,-32.97358,27.898781,10.160000000000002
A740,-125.0,-32.990925,27.924003,10.75
75E4,-129.0,-32.99593,27.89407,13.310000000000002
A6A5,-132.0,-32.959266,27.896899,15.439999999999994
4A54,-133.0,-32.969588,27.939134,16.190000000000005
9C47,-136.0,-33.012123,27.899988,18.559999999999995
50AA,-141.0,-33.010143,27.892244,22.909999999999997
5268,-141.0,-32.983269,27.903913,22.909999999999997
534F,-145.0,-32.940128,28.007236,26.75
977A,-109.0,-33.000417,27.906725,3.710000000000001
DD92,-112.0,-33.017813,27.918338,4.639999999999998
49B9,-118.0,-32.97358,27.898781,7.040000000000004
75E4,-125.0,-32.99593,27.89407,10.75
A740,-125.0,-32.990925,27.924003,10.75
9C47,-132.0,-33.012123,27.899988,15.439999999999994
5268,-135.0,-32.983269,27.903913,17.75
A6A5,-136.0,-32.959266,27.896899,18.559999999999995
4A54,-138.0,-32.969588,27.939134,20.240000000000006
50AA,-139.0,-33.010143,27.892244,21.110000000000007
57F0,-144.0,-32.991051,27.820308,25.760000000000005
58F9,-145.0,-32.981328,27.865965,26.75
977A,-104.0,-33.000417,27.906725,2.5600000000000005
DD92,-112.0,-33.017813,27.918338,4.639999999999998
49B9,-121.0,-32.97358,27.898781,8.509999999999998
A740,-125.0,-32.990925,27.924003,10.75
75E4,-127.0,-32.99593,27.89407,11.989999999999995
9C47,-134.0,-33.012123,27.899988,16.96
A6A5,-136.0,-32.959266,27.896899,18.559999999999995
5268,-136.0,-32.983269,27.903913,18.559999999999995
50AA,-139.0,-33.010143,27.892244,21.110000000000007
58F9,-144.0,-32.981328,27.865965,25.760000000000005
977A,-106.0,-33.000417,27.906725,2.959999999999999
DD92,-111.0,-33.017813,27.918338,4.309999999999999
5217,-113.0,-33.013101,27.91658,4.990000000000003
49B9,-122.0,-32.97358,27.898781,9.039999999999996
A740,-126.0,-32.990925,27.924003,11.359999999999998
75E4,-129.0,-32.99593,27.89407,13.310000000000002
9C47,-133.0,-33.012123,27.899988,16.190000000000005
4A54,-133.0,-32.969588,27.939134,16.190000000000005
A6A5,-134.0,-32.959266,27.896899,16.96
50AA,-140.0,-33.010143,27.892244,22.0
5268,-142.0,-32.983269,27.903913,23.839999999999993
534F,-145.0,-32.940128,28.007236,26.75
977A,-107.0,-33.000417,27.906725,3.189999999999998
5217,-110.0,-33.013101,27.91658,4.0
DD92,-115.0,-33.017813,27.918338,5.75
49B9,-120.0,-32.97358,27.898781,8.0
A740,-127.0,-32.990925,27.924003,11.989999999999995
75E4,-130.0,-32.99593,27.89407,14.0
A6A5,-131.0,-32.959266,27.896899,14.709999999999999
4A54,-135.0,-32.969588,27.939134,17.75
9C47,-136.0,-33.012123,27.899988,18.559999999999995
5268,-136.0,-32.983269,27.903913,18.559999999999995
50AA,-142.0,-33.010143,27.892244,23.839999999999993
977A,-106.0,-33.000417,27.906725,2.959999999999999
5217,-109.0,-33.013101,27.91658,3.710000000000001
DD92,-115.0,-33.017813,27.918338,5.75
49B9,-119.0,-32.97358,27.898781,7.510000000000002
A740,-127.0,-32.990925,27.924003,11.989999999999995
A6A5,-131.0,-32.959266,27.896899,14.709999999999999
4A54,-135.0,-32.969588,27.939134,17.75
75E4,-138.0,-32.99593,27.89407,20.240000000000006
5268,-139.0,-32.983269,27.903913,21.110000000000007
9C47,-140.0,-33.012123,27.899988,22.0
50AA,-143.0,-33.010143,27.892244,24.790000000000006
5217,-109.0,-33.013101,27.91658,3.710000000000001
977A,-109.0,-33.000417,27.906725,3.710000000000001
DD92,-111.0,-33.017813,27.918338,4.309999999999999
49B9,-122.0,-32.97358,27.898781,9.039999999999996
4A54,-127.0,-32.969588,27.939134,11.989999999999995
A740,-127.0,-32.990925,27.924003,11.989999999999995
9C47,-130.0,-33.012123,27.899988,14.0
75E4,-135.0,-32.99593,27.89407,17.75
A6A5,-136.0,-32.959266,27.896899,18.559999999999995
5268,-139.0,-32.983269,27.903913,21.110000000000007
534F,-146.0,-32.940128,28.007236,27.759999999999998
977A,-105.0,-33.000417,27.906725,2.75
5217,-109.0,-33.013101,27.91658,3.710000000000001
DD92,-111.0,-33.017813,27.918338,4.309999999999999
49B9,-116.0,-32.97358,27.898781,6.159999999999998
75E4,-127.0,-32.99593,27.89407,11.989999999999995
A740,-128.0,-32.990925,27.924003,12.640000000000004
A6A5,-134.0,-32.959266,27.896899,16.96
4A54,-136.0,-32.969588,27.939134,18.559999999999995
50AA,-142.0,-33.010143,27.892244,23.839999999999993
9C47,-142.0,-33.012123,27.899988,23.839999999999993
977A,-108.0,-33.000417,27.906725,3.4400000000000017
5217,-109.0,-33.013101,27.91658,3.710000000000001
DD92,-114.0,-33.017813,27.918338,5.360000000000001
49B9,-117.0,-32.97358,27.898781,6.589999999999997
A740,-127.0,-32.990925,27.924003,11.989999999999995
75E4,-127.0,-32.99593,27.89407,11.989999999999995
4A54,-133.0,-32.969588,27.939134,16.190000000000005
A6A5,-134.0,-32.959266,27.896899,16.96
9C47,-136.0,-33.012123,27.899988,18.559999999999995
5268,-137.0,-32.983269,27.903913,19.389999999999993
50AA,-140.0,-33.010143,27.892244,22.0
977A,-109.0,-33.000417,27.906725,3.710000000000001
5217,-109.0,-33.013101,27.91658,3.710000000000001
DD92,-113.0,-33.017813,27.918338,4.990000000000003
49B9,-118.0,-32.97358,27.898781,7.040000000000004
A740,-127.0,-32.990925,27.924003,11.989999999999995
75E4,-131.0,-32.99593,27.89407,14.709999999999999
5268,-136.0,-32.983269,27.903913,18.559999999999995
A6A5,-137.0,-32.959266,27.896899,19.389999999999993
4A54,-137.0,-32.969588,27.939134,19.389999999999993
9C47,-140.0,-33.012123,27.899988,22.0
977A,-106.0,-33.000417,27.906725,2.959999999999999
5217,-108.0,-33.013101,27.91658,3.4400000000000017
DD92,-113.0,-33.017813,27.918338,4.990000000000003
49B9,-118.0,-32.97358,27.898781,7.040000000000004
A740,-127.0,-32.990925,27.924003,11.989999999999995
75E4,-130.0,-32.99593,27.89407,14.0
A6A5,-133.0,-32.959266,27.896899,16.190000000000005
5268,-140.0,-32.983269,27.903913,22.0
5217,-108.0,-33.013101,27.91658,3.4400000000000017
977A,-108.0,-33.000417,27.906725,3.4400000000000017
DD92,-114.0,-33.017813,27.918338,5.360000000000001
49B9,-118.0,-32.97358,27.898781,7.040000000000004
A740,-131.0,-32.990925,27.924003,14.709999999999999
75E4,-133.0,-32.99593,27.89407,16.190000000000005
A6A5,-135.0,-32.959266,27.896899,17.75
9C47,-135.0,-33.012123,27.899988,17.75
5268,-136.0,-32.983269,27.903913,18.559999999999995
4A54,-137.0,-32.969588,27.939134,19.389999999999993
5217,-111.0,-33.013101,27.91658,4.309999999999999
977A,-111.0,-33.000417,27.906725,4.309999999999999
DD92,-113.0,-33.017813,27.918338,4.990000000000003
49B9,-119.0,-32.97358,27.898781,7.510000000000002
9C47,-125.0,-33.012123,27.899988,10.75
A740,-126.0,-32.990925,27.924003,11.359999999999998
75E4,-133.0,-32.99593,27.89407,16.190000000000005
A6A5,-135.0,-32.959266,27.896899,17.75
4A54,-136.0,-32.969588,27.939134,18.559999999999995
5268,-139.0,-32.983269,27.903913,21.110000000000007
50AA,-144.0,-33.010143,27.892244,25.760000000000005
5217,-110.0,-33.013101,27.91658,4.0
977A,-111.0,-33.000417,27.906725,4.309999999999999
DD92,-112.0,-33.017813,27.918338,4.639999999999998
49B9,-118.0,-32.97358,27.898781,7.040000000000004
75E4,-129.0,-32.99593,27.89407,13.310000000000002
4A54,-134.0,-32.969588,27.939134,16.96
A6A5,-135.0,-32.959266,27.896899,17.75
5268,-135.0,-32.983269,27.903913,17.75
9C47,-137.0,-33.012123,27.899988,19.389999999999993
977A,-107.0,-33.000417,27.906725,3.189999999999998
5217,-108.0,-33.013101,27.91658,3.4400000000000017
DD92,-111.0,-33.017813,27.918338,4.309999999999999
49B9,-120.0,-32.97358,27.898781,8.0
A740,-126.0,-32.990925,27.924003,11.359999999999998
75E4,-129.0,-32.99593,27.89407,13.310000000000002
4A54,-133.0,-32.969588,27.939134,16.190000000000005
5268,-134.0,-32.983269,27.903913,16.96
9C47,-135.0,-33.012123,27.899988,17.75
5217,-108.0,-33.013101,27.91658,3.4400000000000017
977A,-109.0,-33.000417,27.906725,3.710000000000001
DD92,-113.0,-33.017813,27.918338,4.990000000000003
49B9,-118.0,-32.97358,27.898781,7.040000000000004
A740,-127.0,-32.990925,27.924003,11.989999999999995
75E4,-129.0,-32.99593,27.89407,13.310000000000002
A6A5,-131.0,-32.959266,27.896899,14.709999999999999
9C47,-132.0,-33.012123,27.899988,15.439999999999994
5268,-137.0,-32.983269,27.903913,19.389999999999993
4A54,-139.0,-32.969588,27.939134,21.110000000000007
977A,-108.0,-33.000417,27.906725,3.4400000000000017
5217,-110.0,-33.013101,27.91658,4.0
DD92,-113.0,-33.017813,27.918338,4.990000000000003
49B9,-116.0,-32.97358,27.898781,6.159999999999998
A740,-126.0,-32.990925,27.924003,11.359999999999998
75E4,-129.0,-32.99593,27.89407,13.310000000000002
A6A5,-131.0,-32.959266,27.896899,14.709999999999999
9C47,-135.0,-33.012123,27.899988,17.75
5268,-137.0,-32.983269,27.903913,19.389999999999993
4A54,-145.0,-32.969588,27.939134,26.75
977A,-107.0,-33.000417,27.906725,3.189999999999998
5217,-110.0,-33.013101,27.91658,4.0
49B9,-115.0,-32.97358,27.898781,5.75
DD92,-118.0,-33.017813,27.918338,7.040000000000004
A740,-128.0,-32.990925,27.924003,12.640000000000004
75E4,-129.0,-32.99593,27.89407,13.310000000000002
9C47,-129.0,-33.012123,27.899988,13.310000000000002
A6A5,-130.0,-32.959266,27.896899,14.0
58F9,-144.0,-32.981328,27.865965,25.760000000000005
977A,-109.0,-33.000417,27.906725,3.710000000000001
5217,-113.0,-33.013101,27.91658,4.990000000000003
49B9,-116.0,-32.97358,27.898781,6.159999999999998
DD92,-116.0,-33.017813,27.918338,6.159999999999998
A740,-127.0,-32.990925,27.924003,11.989999999999995
75E4,-128.0,-32.99593,27.89407,12.640000000000004
4A54,-132.0,-32.969588,27.939134,15.439999999999994
A6A5,-133.0,-32.959266,27.896899,16.190000000000005
9C47,-133.0,-33.012123,27.899988,16.190000000000005
50AA,-141.0,-33.010143,27.892244,22.909999999999997
58F9,-143.0,-32.981328,27.865965,24.790000000000006
5268,-143.0,-32.983269,27.903913,24.790000000000006
977A,-106.0,-33.000417,27.906725,2.959999999999999
5217,-113.0,-33.013101,27.91658,4.990000000000003
49B9,-117.0,-32.97358,27.898781,6.589999999999997
DD92,-118.0,-33.017813,27.918338,7.040000000000004
A740,-127.0,-32.990925,27.924003,11.989999999999995
A6A5,-129.0,-32.959266,27.896899,13.310000000000002
75E4,-131.0,-32.99593,27.89407,14.709999999999999
4A54,-134.0,-32.969588,27.939134,16.96
9C47,-136.0,-33.012123,27.899988,18.559999999999995
5268,-139.0,-32.983269,27.903913,21.110000000000007
534F,-146.0,-32.940128,28.007236,27.759999999999998
977A,-111.0,-33.000417,27.906725,4.309999999999999
DD92,-114.0,-33.017813,27.918338,5.360000000000001
49B9,-116.0,-32.97358,27.898781,6.159999999999998
A740,-127.0,-32.990925,27.924003,11.989999999999995
75E4,-128.0,-32.99593,27.89407,12.640000000000004
9C47,-131.0,-33.012123,27.899988,14.709999999999999
A6A5,-132.0,-32.959266,27.896899,15.439999999999994
5268,-138.0,-32.983269,27.903913,20.240000000000006
4A54,-140.0,-32.969588,27.939134,22.0
534F,-144.0,-32.940128,28.007236,25.760000000000005
977A,-108.0,-33.000417,27.906725,3.4400000000000017
5217,-112.0,-33.013101,27.91658,4.639999999999998
DD92,-114.0,-33.017813,27.918338,5.360000000000001
49B9,-118.0,-32.97358,27.898781,7.040000000000004
75E4,-128.0,-32.99593,27.89407,12.640000000000004
A740,-129.0,-32.990925,27.924003,13.310000000000002
4A54,-137.0,-32.969588,27.939134,19.389999999999993
9C47,-140.0,-33.012123,27.899988,22.0
58F9,-146.0,-32.981328,27.865965,27.759999999999998
977A,-107.0,-33.000417,27.906725,3.189999999999998
DD92,-115.0,-33.017813,27.918338,5.75
49B9,-115.0,-32.97358,27.898781,5.75
A740,-126.0,-32.990925,27.924003,11.359999999999998
75E4,-129.0,-32.99593,27.89407,13.310000000000002
9C47,-132.0,-33.012123,27.899988,15.439999999999994
A6A5,-133.0,-32.959266,27.896899,16.190000000000005
50AA,-140.0,-33.010143,27.892244,22.0
5268,-142.0,-32.983269,27.903913,23.839999999999993
4A54,-144.0,-32.969588,27.939134,25.760000000000005
977A,-109.0,-33.000417,27.906725,3.710000000000001
5217,-112.0,-33.013101,27.91658,4.639999999999998
DD92,-113.0,-33.017813,27.918338,4.990000000000003
49B9,-116.0,-32.97358,27.898781,6.159999999999998
A740,-128.0,-32.990925,27.924003,12.640000000000004
75E4,-129.0,-32.99593,27.89407,13.310000000000002
9C47,-130.0,-33.012123,27.899988,14.0
49AD,-145.0,-32.947133,27.978225,26.75
58F9,-146.0,-32.981328,27.865965,27.759999999999998
977A,-108.0,-33.000417,27.906725,3.4400000000000017
DD92,-113.0,-33.017813,27.918338,4.990000000000003
5217,-113.0,-33.013101,27.91658,4.990000000000003
49B9,-118.0,-32.97358,27.898781,7.040000000000004
75E4,-131.0,-32.99593,27.89407,14.709999999999999
A6A5,-131.0,-32.959266,27.896899,14.709999999999999
4A54,-134.0,-32.969588,27.939134,16.96
A740,-135.0,-32.990925,27.924003,17.75
9C47,-139.0,-33.012123,27.899988,21.110000000000007
5268,-139.0,-32.983269,27.903913,21.110000000000007
534F,-142.0,-32.940128,28.007236,23.839999999999993
50AA,-142.0,-33.010143,27.892244,23.839999999999993
977A,-110.0,-33.000417,27.906725,4.0
5217,-111.0,-33.013101,27.91658,4.309999999999999
DD92,-112.0,-33.017813,27.918338,4.639999999999998
49B9,-120.0,-32.97358,27.898781,8.0
75E4,-128.0,-32.99593,27.89407,12.640000000000004
A740,-130.0,-32.990925,27.924003,14.0
A6A5,-133.0,-32.959266,27.896899,16.190000000000005
4A54,-134.0,-32.969588,27.939134,16.96
9C47,-138.0,-33.012123,27.899988,20.240000000000006
5268,-139.0,-32.983269,27.903913,21.110000000000007
49AD,-143.0,-32.947133,27.978225,24.790000000000006
534F,-143.0,-32.940128,28.007236,24.790000000000006
4A12,-155.0,-32.933953,27.995663,37.75
977A,-109.0,-33.000417,27.906725,3.710000000000001
DD92,-111.0,-33.017813,27.918338,4.309999999999999
5217,-112.0,-33.013101,27.91658,4.639999999999998
49B9,-118.0,-32.97358,27.898781,7.040000000000004
A740,-127.0,-32.990925,27.924003,11.989999999999995
9C47,-135.0,-33.012123,27.899988,17.75
A6A5,-136.0,-32.959266,27.896899,18.559999999999995
4A54,-138.0,-32.969588,27.939134,20.240000000000006
5268,-140.0,-32.983269,27.903913,22.0
977A,-108.0,-33.000417,27.906725,3.4400000000000017
5217,-111.0,-33.013101,27.91658,4.309999999999999
DD92,-113.0,-33.017813,27.918338,4.990000000000003
49B9,-122.0,-32.97358,27.898781,9.039999999999996
A740,-130.0,-32.990925,27.924003,14.0
A6A5,-132.0,-32.959266,27.896899,15.439999999999994
9C47,-134.0,-33.012123,27.899988,16.96
75E4,-134.0,-32.99593,27.89407,16.96
4A54,-138.0,-32.969588,27.939134,20.240000000000006
5268,-140.0,-32.983269,27.903913,22.0
49AD,-142.0,-32.947133,27.978225,23.839999999999993
534F,-145.0,-32.940128,28.007236,26.75
977A,-107.0,-33.000417,27.906725,3.189999999999998
5217,-111.0,-33.013101,27.91658,4.309999999999999
DD92,-111.0,-33.017813,27.918338,4.309999999999999
49B9,-118.0,-32.97358,27.898781,7.040000000000004
A740,-124.0,-32.990925,27.924003,10.160000000000002
75E4,-128.0,-32.99593,27.89407,12.640000000000004
9C47,-129.0,-33.012123,27.899988,13.310000000000002
A6A5,-129.0,-32.959266,27.896899,13.310000000000002
5268,-136.0,-32.983269,27.903913,18.559999999999995
4A54,-138.0,-32.969588,27.939134,20.240000000000006
49AD,-145.0,-32.947133,27.978225,26.75
977A,-109.0,-33.000417,27.906725,3.710000000000001
DD92,-110.0,-33.017813,27.918338,4.0
5217,-110.0,-33.013101,27.91658,4.0
49B9,-118.0,-32.97358,27.898781,7.040000000000004
A740,-124.0,-32.990925,27.924003,10.160000000000002
75E4,-126.0,-32.99593,27.89407,11.359999999999998
9C47,-129.0,-33.012123,27.899988,13.310000000000002
A6A5,-134.0,-32.959266,27.896899,16.96
5268,-139.0,-32.983269,27.903913,21.110000000000007
4A54,-141.0,-32.969588,27.939134,22.909999999999997
50AA,-142.0,-33.010143,27.892244,23.839999999999993
49AD,-144.0,-32.947133,27.978225,25.760000000000005
4B0E,-145.0,-33.036249,27.844285,26.75
727A,-150.0,-32.98106,27.88485,32.0
977A,-105.0,-33.000417,27.906725,2.75
DD92,-111.0,-33.017813,27.918338,4.309999999999999
5217,-111.0,-33.013101,27.91658,4.309999999999999
49B9,-119.0,-32.97358,27.898781,7.510000000000002
A740,-127.0,-32.990925,27.924003,11.989999999999995
75E4,-131.0,-32.99593,27.89407,14.709999999999999
A6A5,-131.0,-32.959266,27.896899,14.709999999999999
9C47,-135.0,-33.012123,27.899988,17.75
4A54,-137.0,-32.969588,27.939134,19.389999999999993
50AA,-139.0,-33.010143,27.892244,21.110000000000007
5268,-140.0,-32.983269,27.903913,22.0
4B0E,-144.0,-33.036249,27.844285,25.760000000000005
977A,-106.0,-33.000417,27.906725,2.959999999999999
5217,-113.0,-33.013101,27.91658,4.990000000000003
DD92,-114.0,-33.017813,27.918338,5.360000000000001
49B9,-122.0,-32.97358,27.898781,9.039999999999996
A740,-128.0,-32.990925,27.924003,12.640000000000004
A6A5,-132.0,-32.959266,27.896899,15.439999999999994
75E4,-133.0,-32.99593,27.89407,16.190000000000005
4A54,-135.0,-32.969588,27.939134,17.75
9C47,-136.0,-33.012123,27.899988,18.559999999999995
5268,-137.0,-32.983269,27.903913,19.389999999999993
49AD,-143.0,-32.947133,27.978225,24.790000000000006
977A,-110.0,-33.000417,27.906725,4.0
5217,-111.0,-33.013101,27.91658,4.309999999999999
DD92,-115.0,-33.017813,27.918338,5.75
49B9,-118.0,-32.97358,27.898781,7.040000000000004
75E4,-128.0,-32.99593,27.89407,12.640000000000004
A6A5,-130.0,-32.959266,27.896899,14.0
A740,-133.0,-32.990925,27.924003,16.190000000000005
9C47,-134.0,-33.012123,27.899988,16.96
4A54,-138.0,-32.969588,27.939134,20.240000000000006
50AA,-141.0,-33.010143,27.892244,22.909999999999997
49AD,-144.0,-32.947133,27.978225,25.760000000000005
977A,-106.0,-33.000417,27.906725,2.959999999999999
5217,-110.0,-33.013101,27.91658,4.0
DD92,-114.0,-33.017813,27.918338,5.360000000000001
49B9,-119.0,-32.97358,27.898781,7.510000000000002
A740,-126.0,-32.990925,27.924003,11.359999999999998
75E4,-131.0,-32.99593,27.89407,14.709999999999999
A6A5,-133.0,-32.959266,27.896899,16.190000000000005
9C47,-135.0,-33.012123,27.899988,17.75
49AD,-142.0,-32.947133,27.978225,23.839999999999993
4B0E,-144.0,-33.036249,27.844285,25.760000000000005
